1	1	4	11451	1
1	2	3	7632	1
1	3	3	11866	0
1	34	6	19833	0
1	24	3	15063	1
1	19	1	12837	1
1	45	6	30834	0
1	25	2	8636	1
1	40	4	22589	0
1	13	6	17081	0
1	12	5	15966	0
1	21	4	10452	1
1	20	3	11429	1
1	8	3	9629	0
1	41	2	20173	0
1	37	4	8078	0
1	22	6	13197	0
1	36	6	23592	0
1	14	6	10986	1
1	10	2	10387	1
1	11	1	9361	1
1	39	2	24175	0
1	18	1	8798	1
1	27	4	67038	1
1	16	6	9866	1
1	28	5	20425	0
1	43	6	14883	0
1	33	2	15895	0
1	32	4	10629	0
1	7	4	25806	1
1	42	3	9953	0
1	17	2	8577	1
1	44	6	17751	0
1	5	2	14863	1
1	30	5	16380	0
1	6	5	10005	1
1	29	2	12493	0
1	9	1	18754	0
1	4	1	14697	1
1	38	6	51752	0
1	35	5	45684	0
1	23	4	10017	1
1	26	3	9039	1
1	31	5	17777	0
1	15	5	7841	1
2	1	4	31391	1
2	2	5	43821	0
2	3	3	275446	0
2	36	2	45681	0
2	13	1	29165	0
2	18	4	57661	0
2	41	5	24379	0
2	38	2	30396	0
2	19	4	15499	0
2	22	1	11808	0
2	23	4	19928	1
2	16	6	9583	1
2	12	1	12136	1
2	27	2	14589	0
2	32	6	9027	0
2	15	5	10532	1
2	31	4	10143	0
2	26	6	14165	0
2	30	5	16771	0
2	6	2	14891	0
2	34	3	18071	0
2	25	6	10515	0
2	8	2	9880	0
2	33	5	27816	0
2	35	1	16304	0
2	9	5	10662	1
2	29	6	61949	0
2	20	5	15882	0
2	42	6	30448	0
2	24	3	8130	1
2	45	2	14485	0
2	7	4	16101	1
2	43	6	14302	0
2	21	4	14040	1
2	44	6	24911	0
2	40	4	11804	0
2	4	2	21124	0
2	11	1	10166	1
2	37	3	11234	0
2	28	5	21002	0
2	14	6	11645	1
2	5	3	20633	0
2	39	4	14731	0
2	10	2	8084	1
2	17	3	20919	0
4	1	4	32404	1
4	2	3	23956	1
4	3	3	17118	0
4	8	5	33724	1
4	9	5	14674	1
4	19	5	10040	0
4	29	6	21565	0
4	39	3	11578	0
4	37	3	17023	0
4	43	6	30122	0
4	22	6	10827	0
4	27	2	7681	0
4	41	2	8083	0
4	5	3	34789	0
4	17	2	5850	1
4	11	2	15787	0
4	25	5	11789	0
4	16	2	24610	0
4	26	6	9470	0
4	31	2	7470	0
4	12	1	4162	1
4	14	6	6067	1
4	18	2	9074	0
4	42	3	6918	0
4	20	3	3603	1
4	13	2	5903	0
4	10	2	14864	1
4	36	3	7222	0
4	21	4	9892	1
4	40	5	12552	0
4	23	1	19226	0
4	33	3	6459	0
4	44	5	7162	0
4	15	2	12668	0
4	45	3	18748	0
4	38	5	13786	0
4	34	6	8800	0
4	30	5	7159	0
4	6	5	11116	1
4	24	3	13272	1
4	32	2	6370	0
4	28	3	10724	1
4	7	4	13868	1
4	4	1	6615	1
4	35	5	8902	0
5	1	4	68209	1
5	2	3	42575	1
5	3	4	48921	1
5	17	2	18113	1
5	38	3	22244	0
5	37	2	37365	0
5	18	1	27613	1
5	42	3	36079	0
5	34	4	15372	0
5	19	3	16426	0
5	20	3	11141	1
5	23	4	9561	1
5	45	3	21176	0
5	16	6	9153	1
5	24	3	17555	1
5	31	5	14375	0
5	7	4	16260	1
5	13	5	22351	1
5	9	5	10493	1
5	40	5	10058	0
5	4	1	12062	1
5	36	6	20519	0
5	8	2	13530	0
5	11	1	9162	1
5	27	3	11141	0
5	44	5	15047	0
5	10	2	6344	1
5	39	5	15079	0
5	5	2	8494	1
5	21	4	33684	1
5	12	1	14923	1
5	6	1	35636	0
5	15	1	8867	0
5	28	3	20853	1
5	29	5	40364	0
5	25	2	19220	1
5	32	1	19429	0
5	41	3	17382	0
5	14	6	21756	1
5	30	5	10313	0
5	43	5	27966	0
5	35	5	26553	0
5	26	5	22476	0
5	33	2	23449	0
5	22	6	18563	0
6	1	4	18277	1
6	2	3	8196	1
6	3	2	9750	0
6	34	4	26273	0
6	5	2	26153	1
6	36	1	10688	0
6	43	6	8208	0
6	17	2	7653	1
6	18	1	43403	1
6	7	4	9739	1
6	31	4	29160	0
6	45	5	10487	0
6	12	3	51210	0
6	19	4	37833	0
6	41	6	60204	0
6	40	6	56380	0
6	25	2	51546	1
6	4	1	66584	1
6	33	2	58120	0
6	27	2	7133	0
6	20	4	60217	0
6	32	2	57795	0
6	21	5	55914	0
6	22	4	57072	0
6	37	5	68856	0
6	39	4	24129	0
6	10	3	29265	0
6	14	6	23201	1
6	26	3	29395	1
6	16	6	23766	1
6	13	5	39147	1
6	35	3	59676	0
6	23	4	73964	1
6	24	3	53277	1
6	9	2	28683	0
6	42	3	11066	0
6	29	6	72673	0
6	8	2	16204	0
6	28	3	40170	1
6	30	5	24657	0
6	6	1	106085	0
6	44	3	54255	0
6	15	5	43072	1
6	38	2	39669	0
6	11	4	82992	0
7	1	4	69430	1
7	2	3	20507	1
7	3	4	28524	1
7	29	5	63020	0
7	7	4	7593	1
7	38	6	10162	0
7	14	6	11732	1
7	5	3	24874	0
7	33	2	37800	0
7	44	3	9978	0
7	16	6	15773	1
7	36	6	26139	0
7	34	6	17952	0
7	30	5	12924	0
7	9	5	9378	1
7	39	2	21389	0
7	24	3	20580	1
7	26	3	33583	1
7	42	3	15694	0
7	10	2	10599	1
7	19	2	13118	0
7	45	5	24880	0
7	37	5	37737	0
7	40	5	13670	0
7	22	3	11688	0
7	12	1	28418	1
7	13	4	22739	0
7	41	2	28989	0
7	15	5	16757	1
7	28	3	21305	1
7	31	2	15434	0
7	8	5	25056	1
7	27	2	27480	0
7	43	6	19908	0
7	17	2	8670	1
7	11	1	30180	1
7	18	1	23501	1
7	32	6	20283	0
7	20	3	42630	1
7	25	2	21663	1
7	6	6	22254	0
7	23	6	32128	0
7	4	1	18614	1
7	21	4	11021	1
7	35	4	26113	0
8	1	4	8887	1
8	2	3	6112	1
8	3	5	27245	0
8	41	2	15434	0
8	20	3	9878	1
8	26	3	8901	1
8	7	4	8703	1
8	15	5	9863	1
8	6	4	23146	0
8	27	2	33957	0
8	38	5	12971	0
8	23	3	14203	0
8	16	6	30611	1
8	36	2	18778	0
8	45	6	52523	0
8	19	5	17705	0
8	42	3	20039	0
8	33	1	24418	0
8	4	6	37644	0
8	43	2	19962	0
8	12	5	28087	0
8	8	6	62449	0
8	11	1	39047	1
8	39	2	16107	0
8	24	3	13927	1
8	31	2	30216	0
8	32	1	18344	0
8	40	4	31445	0
8	13	5	18560	1
8	22	6	16236	0
8	44	2	12795	0
8	34	3	12143	0
8	25	6	20233	0
8	14	3	18057	0
8	5	5	41039	0
8	28	6	49158	0
8	37	3	18217	0
8	10	2	12015	1
8	30	5	30082	0
8	35	6	94713	0
8	29	1	39147	0
8	18	2	16263	0
8	21	3	16008	0
8	17	2	9141	1
8	9	5	12229	1
9	1	4	120496	1
9	2	3	13378	1
9	3	5	68636	0
9	30	5	14387	0
9	36	6	14770	0
9	14	6	13172	1
9	26	3	13959	1
9	31	2	10632	0
9	32	3	19787	0
9	33	2	13445	0
9	34	3	10637	0
9	21	3	7615	0
9	15	5	11411	1
9	39	3	8499	0
9	22	2	10504	0
9	38	5	10347	0
9	19	5	8080	0
9	37	3	6714	0
9	5	2	22806	1
9	43	5	29016	0
9	40	5	14477	0
9	12	3	32469	0
9	7	4	9594	1
9	16	6	7596	1
9	45	6	25023	0
9	4	1	11972	1
9	44	5	11654	0
9	6	6	36780	0
9	9	5	10483	1
9	27	2	9189	0
9	41	2	11205	0
9	8	5	18881	1
9	35	3	8915	0
9	25	2	12487	1
9	11	6	16256	0
9	29	6	5404	0
9	28	3	6036	1
9	42	3	4025	0
9	13	5	7854	1
9	23	4	7484	1
9	10	2	8370	1
9	17	2	4158	1
9	20	3	8678	1
9	24	3	4861	1
9	18	5	11534	0
10	1	4	20044	1
10	2	3	46546	1
10	3	4	19631	1
10	30	6	15290	0
10	37	6	50227	0
10	35	3	32889	0
10	25	2	11875	1
10	13	6	17523	0
10	42	1	49632	0
10	19	4	24403	0
10	45	3	33571	0
10	16	6	8555	1
10	8	2	16812	0
10	29	6	33551	0
10	7	4	4794	1
10	43	6	7773	0
10	6	6	18295	0
10	10	2	16416	1
10	36	6	46238	0
10	5	4	13557	0
10	31	1	30607	0
10	24	3	28213	1
10	32	2	49914	0
10	4	1	31142	1
10	23	4	42509	1
10	39	1	23999	0
10	28	4	67019	0
10	34	5	30725	0
10	22	5	49239	1
10	14	6	13843	1
10	40	5	59371	0
10	33	2	63485	0
10	20	3	16428	1
10	38	1	75312	0
10	27	5	86058	0
10	15	5	6670	1
10	41	2	45279	0
10	11	1	20304	1
10	21	4	20552	1
10	12	1	22298	1
10	18	1	25646	1
10	9	5	12189	1
10	44	5	19529	0
10	26	3	49362	1
10	17	2	22545	1
11	1	6	93477	0
11	2	3	21833	1
11	3	4	17025	1
11	16	6	26862	1
11	10	2	13666	1
11	23	4	39594	1
11	31	2	40750	0
11	20	2	28338	0
11	38	2	28347	0
11	17	2	11130	1
11	5	2	14225	1
11	9	5	39855	1
11	40	5	44886	0
11	4	1	44775	1
11	42	3	31605	0
11	21	4	34411	1
11	45	3	25780	0
11	36	3	27685	0
11	32	1	28473	0
11	34	1	58348	0
11	22	6	22557	0
11	18	1	35212	1
11	28	6	45860	0
11	19	1	45485	1
11	12	2	32944	0
11	39	3	39958	0
11	25	2	16935	1
11	26	3	20093	1
11	41	2	13746	0
11	33	2	41500	0
11	29	3	44938	0
11	44	5	16294	0
11	43	6	24184	0
11	30	5	21827	0
11	24	3	15798	1
11	14	6	8384	1
11	11	1	20610	1
11	13	5	23058	1
11	37	3	13735	0
11	35	5	41181	0
11	7	4	7613	1
11	27	4	30146	1
11	15	5	6830	1
11	8	5	10138	1
11	6	5	23508	1
12	1	4	77013	1
12	2	3	17619	1
12	3	4	17321	1
12	45	5	27274	0
12	14	6	11326	1
12	33	1	19366	0
12	31	2	14111	0
12	44	2	19718	0
12	39	2	7781	0
12	26	5	17803	0
12	6	1	12301	0
12	19	5	12407	0
12	25	2	18605	1
12	27	5	14262	0
12	20	2	12203	0
12	36	2	21033	0
12	29	2	27875	0
12	28	3	21219	1
12	35	5	33215	0
12	43	6	46391	0
12	4	1	11668	1
12	12	2	22274	0
12	15	5	17231	1
12	16	6	16474	1
12	34	5	37722	0
12	8	5	12081	1
12	42	2	30595	0
12	5	2	17109	1
12	30	5	40533	0
12	21	4	43003	1
12	24	3	33819	1
12	23	3	41982	0
12	37	3	26816	0
12	38	3	15786	0
12	41	2	29006	0
12	7	4	10909	1
12	10	2	18734	1
12	11	1	31449	1
12	32	6	15596	0
12	9	5	17110	1
12	17	3	11842	0
12	40	5	25660	0
12	22	5	25593	1
12	18	1	29538	1
12	13	5	47300	1
13	1	4	126089	1
13	2	3	18890	1
13	3	1	29153	0
13	19	5	44946	0
13	6	5	72606	1
13	25	2	61631	1
13	12	1	21897	1
13	41	2	27246	0
13	31	2	11863	0
13	15	2	10049	0
13	18	2	21366	0
13	43	6	37435	0
13	17	6	32634	0
13	36	6	33354	0
13	28	5	49453	0
13	14	6	12908	1
13	20	6	11626	0
13	5	2	18168	1
13	38	6	10645	0
13	13	3	56339	0
13	45	6	13860	0
13	4	1	15161	1
13	35	1	30252	0
13	33	3	53448	0
13	16	6	9883	1
13	34	6	23268	0
13	23	4	11700	1
13	39	1	23474	0
13	40	5	15945	0
13	29	6	48855	0
13	26	3	14372	1
13	30	5	15066	0
13	24	3	12904	1
13	42	3	17453	0
13	27	4	50548	1
13	11	1	9714	1
13	21	4	18728	1
13	32	6	15291	0
13	37	3	29858	0
13	22	2	22465	0
13	9	5	21391	1
13	44	4	18224	0
13	7	4	10581	1
13	10	2	13891	1
13	8	5	29498	1
14	1	4	28120	1
14	2	3	23308	1
14	3	4	9859	1
14	39	4	6418	0
14	31	4	7803	0
14	20	2	11235	0
14	16	2	24860	0
14	18	5	13442	0
14	45	5	17689	0
14	5	2	16834	1
14	6	5	17462	1
14	27	2	15727	0
14	28	2	26307	0
14	42	3	15455	0
14	4	1	16527	1
14	19	3	11482	0
14	9	5	8029	1
14	10	2	14400	1
14	40	5	8575	0
14	35	2	22575	0
14	8	3	15943	0
14	34	5	20312	0
14	25	1	48748	0
14	23	4	16907	1
14	21	4	9461	1
14	44	4	12699	0
14	22	5	21453	1
14	12	1	53341	1
14	24	2	33741	0
14	17	2	7513	1
14	13	5	22591	1
14	14	6	15008	1
14	37	3	43693	0
14	7	4	46077	1
14	26	2	18778	0
14	29	2	16217	0
14	30	5	45803	0
14	33	6	42792	0
14	36	6	10006	0
14	32	6	9721	0
14	41	2	29371	0
14	38	5	15323	0
14	15	5	5361	1
14	43	1	15307	0
14	11	1	7874	1
15	1	4	20655	1
15	2	3	9130	1
15	3	4	11747	1
15	5	2	8499	1
15	12	1	20614	1
15	44	4	18140	0
15	31	2	11845	0
15	14	6	17199	1
15	38	6	11278	0
15	39	2	11294	0
15	9	5	6823	1
15	20	3	12719	1
15	42	3	8708	0
15	28	3	11312	1
15	35	5	15421	0
15	6	5	6003	1
15	25	4	19025	0
15	21	4	13721	1
15	30	2	30664	0
15	10	2	8237	1
15	40	5	7663	0
15	24	3	8153	1
15	36	5	17639	0
15	41	2	11500	0
15	4	1	7792	1
15	7	4	5936	1
15	18	1	18608	1
15	26	3	12448	1
15	8	5	16283	1
15	15	5	8254	1
15	11	1	13602	1
15	37	3	8583	0
15	32	6	10553	0
15	23	3	12012	0
15	27	2	9619	0
15	16	6	8941	1
15	17	2	7341	1
15	13	5	8272	1
15	19	4	19022	0
15	34	5	10934	0
15	45	5	21411	0
15	22	5	8869	1
15	33	2	19204	0
15	29	1	23729	0
15	43	3	16898	0
16	1	4	22631	1
16	2	3	38343	1
16	3	5	36933	0
16	44	3	12400	0
16	38	3	9360	0
16	16	6	26513	1
16	37	6	14507	0
16	30	6	31861	0
16	23	4	29944	1
16	42	3	16831	0
16	12	1	44279	1
16	15	5	11964	1
16	43	6	23015	0
16	32	6	23815	0
16	36	6	17428	0
16	25	2	10733	1
16	41	2	11981	0
16	40	2	39203	0
16	31	2	6687	0
16	19	1	37329	1
16	22	5	12808	1
16	10	2	24234	1
16	28	3	22767	1
16	34	3	7750	0
16	8	5	28875	1
16	20	3	52784	1
16	7	4	16991	1
16	5	2	43475	1
16	11	1	13388	1
16	35	4	23504	0
16	29	6	16725	0
16	9	5	13958	1
16	24	3	15706	1
16	6	6	16824	0
16	27	2	29938	0
16	39	2	26850	0
16	21	4	17411	1
16	33	5	30843	0
16	13	5	5755	1
16	45	3	40794	0
16	26	3	7270	1
16	18	1	28707	1
16	17	2	34902	1
16	14	6	11990	1
16	4	1	9519	1
17	1	4	24736	1
17	2	3	21364	1
17	3	5	33461	0
17	15	5	14519	1
17	4	1	9811	1
17	35	1	16430	0
17	5	2	29278	1
17	10	3	16514	0
17	30	3	83830	0
17	40	5	23508	0
17	21	4	29978	1
17	45	3	41747	0
17	22	2	38867	0
17	28	3	30118	1
17	32	6	39929	0
17	43	6	12808	0
17	24	3	10571	1
17	41	2	30484	0
17	19	1	18708	1
17	8	1	36093	0
17	9	5	23946	1
17	42	3	16881	0
17	6	5	15381	1
17	37	3	21053	0
17	25	2	12061	1
17	31	2	9416	0
17	39	1	12780	0
17	18	1	6579	1
17	29	5	46940	0
17	38	5	11012	0
17	17	2	20406	1
17	36	6	12722	0
17	14	6	6282	1
17	34	5	23042	0
17	26	5	12875	0
17	33	5	25727	0
17	7	4	16744	1
17	16	6	18039	1
17	13	5	8818	1
17	23	4	10533	1
17	20	3	13142	1
17	27	3	18381	0
17	11	5	9638	0
17	44	1	16551	0
17	12	1	14473	1
18	1	4	62586	1
18	2	3	67549	1
18	3	4	30377	1
18	11	1	22802	1
18	30	5	22795	0
18	22	5	9180	1
18	40	5	8068	0
18	18	1	21546	1
18	29	6	11230	0
18	42	3	33212	0
18	27	2	38134	0
18	25	2	8535	1
18	20	3	66786	1
18	35	3	8995	0
18	28	3	5261	1
18	38	3	22993	0
18	31	3	10190	0
18	26	3	12823	1
18	45	3	10796	0
18	41	2	33357	0
18	32	6	20487	0
18	19	6	35171	0
18	8	5	34708	1
18	4	1	11983	1
18	23	4	17157	1
18	16	6	9860	1
18	34	1	109344	0
18	37	3	16625	0
18	13	5	10302	1
18	44	4	17720	0
18	21	4	5981	1
18	6	5	7415	1
18	10	2	8937	1
18	24	3	9366	1
18	5	2	12833	1
18	43	6	12559	0
18	39	1	15188	0
18	7	4	7583	1
18	17	2	17793	1
18	36	6	14762	0
18	9	5	7387	1
18	15	5	11910	1
18	12	2	76087	0
18	33	1	70526	0
18	14	6	8461	1
19	1	4	53906	1
19	2	3	17875	1
19	3	4	41013	1
19	13	4	68680	0
19	33	2	28320	0
19	22	5	37639	1
19	29	5	27361	0
19	44	6	46115	0
19	18	1	26458	1
19	42	3	22712	0
19	5	2	26053	1
19	45	6	64218	0
19	20	3	26041	1
19	9	5	21583	1
19	40	5	18294	0
19	19	1	18253	1
19	26	3	23766	1
19	35	2	21970	0
19	16	6	11674	1
19	12	1	15833	1
19	10	2	12859	1
19	28	5	23031	0
19	8	5	7760	1
19	7	4	8243	1
19	39	5	21431	0
19	17	5	14184	0
19	11	1	13899	1
19	38	6	12845	0
19	4	1	9055	1
19	30	5	7692	0
19	43	6	12211	0
19	32	6	11342	0
19	15	5	6824	1
19	41	2	26287	0
19	24	3	11822	1
19	25	2	19242	1
19	23	4	25843	1
19	31	2	27210	0
19	21	4	9051	1
19	6	5	15259	1
19	34	1	48757	0
19	37	3	23838	0
19	27	2	14443	0
19	14	6	7893	1
19	36	6	13311	0
20	1	4	27395	1
20	2	5	41803	0
20	3	4	58943	1
20	9	5	23190	1
20	24	3	52370	1
20	42	3	18904	0
20	8	5	45803	1
20	25	2	27597	1
20	22	5	23150	1
20	13	5	13042	1
20	20	3	31132	1
20	39	1	38203	0
20	35	3	36234	0
20	33	2	40718	0
20	17	2	10174	1
20	28	3	15113	1
20	38	6	28667	0
20	29	6	38947	0
20	45	3	20016	0
20	10	3	26788	0
20	4	1	43686	1
20	43	6	21734	0
20	37	3	19345	0
20	18	1	19858	1
20	31	2	28644	0
20	14	6	14527	1
20	5	2	38868	1
20	40	5	13803	0
20	27	2	23749	0
20	41	2	19367	0
20	11	1	34707	1
20	30	5	15358	0
20	12	1	98440	1
20	6	5	15573	1
20	44	4	25646	0
20	32	5	51073	0
20	26	3	72688	1
20	7	4	9473	1
20	36	6	46980	0
20	19	1	19749	1
20	15	5	20375	1
20	16	6	15588	1
20	23	4	43996	1
20	34	6	40254	0
20	21	4	17209	1
21	1	4	23680	1
21	2	3	14551	1
21	3	4	69635	1
21	30	3	76854	0
21	32	6	56202	0
21	34	6	29291	0
21	31	2	16683	0
21	23	1	55745	0
21	35	1	48506	0
21	4	1	53068	1
21	19	1	32592	1
21	21	4	32782	1
21	25	5	83528	0
21	14	6	38932	1
21	18	1	28138	1
21	28	3	55661	1
21	5	3	70125	0
21	7	4	9046	1
21	26	3	48670	1
21	22	5	39823	1
21	27	2	17634	0
21	41	2	5310	0
21	12	1	37494	1
21	6	5	22848	1
21	20	3	48280	1
21	11	1	18635	1
21	39	1	7862	0
21	29	6	35960	0
21	15	5	11967	1
21	38	3	17015	0
21	10	2	13535	1
21	33	6	50591	0
21	36	6	21191	0
21	40	5	27500	0
21	16	6	15234	1
21	9	5	17879	1
21	24	3	9712	1
21	42	3	7718	0
21	44	4	20837	0
21	13	5	14635	1
21	8	5	7956	1
21	37	3	21527	0
21	45	3	5507	0
21	17	2	16242	1
21	43	6	14040	0
22	1	4	205105	1
22	2	3	18964	1
22	3	4	53157	1
22	20	4	53179	0
22	40	5	136478	0
22	25	2	32522	1
22	12	1	33679	1
22	22	5	36964	1
22	7	4	48019	1
22	42	3	66737	0
22	16	6	46248	1
22	11	1	23394	1
22	30	5	30030	0
22	32	6	89402	0
22	43	6	17028	0
22	13	5	18582	1
22	45	6	16824	0
22	23	4	19364	1
22	44	4	15830	0
22	29	6	35498	0
22	28	3	13564	1
22	33	5	40161	0
22	39	5	39765	0
22	34	5	13492	0
22	17	2	22375	1
22	9	5	25160	1
22	19	1	59490	1
22	8	5	18588	1
22	10	2	28783	1
22	31	2	10702	0
22	24	3	13119	1
22	6	5	14876	1
22	36	6	42421	0
22	4	1	23284	1
22	18	1	18709	1
22	41	2	14114	0
22	21	4	44700	1
22	35	5	36776	0
22	5	2	34346	1
22	26	3	14074	1
22	27	2	10700	0
22	14	6	8694	1
22	37	6	9396	0
22	15	5	22041	1
22	38	6	23952	0
23	1	4	24859	1
23	2	3	18797	1
23	3	4	5722	1
23	22	2	17742	0
23	27	5	17683	0
23	45	4	25755	0
23	35	4	11036	0
23	40	5	39166	0
23	4	1	9755	1
23	33	2	19354	0
23	37	3	45726	0
23	11	1	14497	1
23	17	2	10565	1
23	16	6	15573	1
23	19	1	12531	1
23	34	5	14868	0
23	39	6	27459	0
23	26	2	19665	0
23	30	5	11240	0
23	15	5	8815	1
23	32	5	18841	0
23	10	2	6193	1
23	25	5	7544	0
23	38	5	11233	0
23	18	1	15381	1
23	29	1	20628	0
23	13	5	14039	1
23	44	5	12014	0
23	23	1	16228	0
23	43	6	13883	0
23	21	4	9404	1
23	31	2	21946	0
23	20	6	28057	0
23	28	3	18584	1
23	7	4	10523	1
23	41	2	12222	0
23	6	5	18171	1
23	9	5	6453	1
23	42	3	15703	0
23	14	6	8462	1
23	8	5	14083	1
23	5	2	21706	1
23	12	1	14284	1
23	24	3	10670	1
23	36	3	18245	0
24	1	4	13876	1
24	2	3	24923	1
24	3	4	20157	1
24	21	4	8384	1
24	38	4	16406	0
24	31	5	49340	0
24	40	5	10871	0
24	33	5	10305	0
24	16	6	36458	1
24	41	2	20103	0
24	39	1	32641	0
24	18	1	6985	1
24	12	1	7337	1
24	23	1	15943	0
24	7	4	16741	1
24	11	4	16758	0
24	27	4	23584	1
24	43	3	46248	0
24	26	3	6706	1
24	25	2	12671	1
24	35	2	14080	0
24	44	2	9523	0
24	5	2	6367	1
24	14	6	16529	1
24	36	6	8138	0
24	13	5	8985	1
24	20	3	12635	1
24	45	3	7698	0
24	9	5	13653	1
24	19	6	15707	0
24	37	6	14276	0
24	4	1	16720	1
24	10	2	11545	1
24	22	6	14900	0
24	42	3	8280	0
24	30	5	32299	0
24	29	2	20450	0
24	32	6	8428	0
24	17	2	31726	1
24	8	5	29917	1
24	34	5	11889	0
24	6	5	7963	1
24	15	5	8850	1
24	24	3	39536	1
24	28	3	11378	1
25	1	4	16419	1
25	2	3	9904	1
25	3	4	9643	1
25	17	2	9073	1
25	22	3	15034	0
25	23	1	11543	0
25	33	5	20936	0
25	21	4	10273	1
25	36	6	17484	0
25	25	6	9608	0
25	28	3	15434	1
25	14	6	11792	1
25	31	4	12093	0
25	42	3	16588	0
25	45	3	13079	0
25	4	1	33412	1
25	35	1	28906	0
25	16	6	19926	1
25	15	5	12106	1
25	38	3	17070	0
25	19	2	24066	0
25	5	2	16555	1
25	9	5	10957	1
25	12	1	19896	1
25	26	3	25611	1
25	40	5	17900	0
25	7	4	11142	1
25	6	5	19036	1
25	24	3	12281	1
25	27	4	17234	1
25	18	1	16982	1
25	32	6	27784	0
25	41	2	32246	0
25	13	5	10195	1
25	39	1	15401	0
25	20	3	17570	1
25	29	6	31549	0
25	34	5	17579	0
25	30	5	17560	0
25	10	2	9432	1
25	8	5	9722	1
25	44	4	13501	0
25	11	1	14604	1
25	37	6	11686	0
25	43	6	12000	0
26	1	4	20976	1
26	2	3	87988	1
26	3	4	6243	1
26	25	2	7350	1
26	30	5	7304	0
26	15	5	3515	1
26	39	1	24349	0
26	35	1	11004	0
26	17	2	19508	1
26	22	5	5193	1
26	32	5	8403	0
26	38	5	12974	0
26	23	4	7007	1
26	42	3	16667	0
26	28	3	23067	1
26	27	3	9847	0
26	5	2	11257	1
26	13	5	4590	1
26	10	2	6768	1
26	11	2	25023	0
26	45	3	19336	0
26	40	5	18960	0
26	43	6	7631	0
26	21	4	7055	1
26	37	3	10079	0
26	19	1	18033	1
26	18	1	4623	1
26	44	4	16752	0
26	29	6	11968	0
26	26	3	6760	1
26	16	6	6616	1
26	4	1	9893	1
26	9	5	24237	1
26	14	6	8990	1
26	6	5	12817	1
26	34	5	5280	0
26	20	6	8943	0
26	33	3	18673	0
26	41	2	23369	0
26	7	4	8621	1
26	12	1	23928	1
26	24	3	13164	1
26	8	3	10383	0
26	31	2	7545	0
26	36	5	21149	0
27	1	4	39808	1
27	2	3	51359	1
27	3	4	41751	1
27	44	4	5053	0
27	13	5	17354	1
27	25	5	71932	0
27	36	2	88971	0
27	43	5	39046	0
27	7	4	17670	1
27	39	4	7608	0
27	15	5	7492	1
27	22	5	12814	1
27	38	5	6549	0
27	24	2	41323	0
27	34	2	8333	0
27	10	2	5562	1
27	8	2	12776	0
27	45	5	34318	0
27	4	1	72772	1
27	28	2	38260	0
27	35	5	12240	0
27	31	2	15569	0
27	26	4	28879	0
27	5	2	25701	1
27	18	2	66095	0
27	11	1	56420	1
27	12	1	20406	1
27	19	1	22607	1
27	21	1	17701	0
27	41	2	63716	0
27	16	1	27453	0
27	40	5	14191	0
27	42	2	30663	0
27	27	5	12838	0
27	32	5	12667	0
27	9	5	16387	1
27	20	5	14251	0
27	33	5	9853	0
27	37	2	18978	0
27	14	4	34593	0
27	6	5	13036	1
27	29	4	10417	0
27	30	5	9685	0
27	17	2	18640	1
27	23	1	23687	0
28	1	4	9712	1
28	2	3	7771	1
28	3	4	7359	1
28	41	2	17301	0
28	44	2	4161	0
28	24	3	13694	1
28	31	2	13696	0
28	27	2	4244	0
28	30	5	17991	0
28	42	3	29116	0
28	10	2	7211	1
28	29	2	20185	0
28	39	2	18488	0
28	11	2	26139	0
28	21	4	14415	1
28	23	4	10919	1
28	7	4	15968	1
28	33	5	26845	0
28	32	5	30908	0
28	12	1	8603	1
28	15	5	11465	1
28	14	5	14801	0
28	18	1	17451	1
28	35	1	24097	0
28	4	1	4499	1
28	13	5	13153	1
28	8	5	9291	1
28	19	4	21501	0
28	37	6	43333	0
28	38	5	13552	0
28	26	5	25077	0
28	43	3	32323	0
28	5	2	34602	1
28	6	5	13751	1
28	9	5	4742	1
28	36	5	25079	0
28	16	6	28492	1
28	34	5	25517	0
28	25	2	11176	1
28	22	5	28974	1
28	20	3	26160	1
28	45	3	5310	0
28	40	5	19591	0
28	17	2	7565	1
28	28	6	27957	0
31	1	4	10866	1
31	2	3	10600	1
31	3	4	41045	1
31	10	2	35439	1
31	20	3	24917	1
31	40	3	62747	0
31	39	3	27727	0
31	18	3	54821	0
31	14	6	39630	1
31	19	6	27310	0
31	27	6	8751	0
31	23	4	17267	1
31	35	3	15386	0
31	30	5	23967	0
31	34	5	19947	0
31	33	6	29044	0
31	17	2	10201	1
31	31	2	7125	0
31	21	3	42446	0
31	25	2	15909	1
31	28	3	12247	1
31	22	6	29693	0
31	41	2	46401	0
31	32	3	73868	0
31	4	1	7209	1
31	12	1	13811	1
31	45	3	79940	0
31	15	5	15909	1
31	9	5	5080	1
31	26	5	36034	0
31	37	5	64441	0
31	5	2	30672	1
31	38	2	11396	0
31	13	2	32696	0
31	7	4	8270	1
31	8	2	35165	0
31	44	6	6324	0
31	29	6	16248	0
31	42	6	56255	0
31	11	1	44838	1
31	36	1	17331	0
31	43	4	31763	0
31	6	5	12941	1
31	16	6	17820	1
31	24	4	28980	0
32	1	4	164284	1
32	2	3	15907	1
32	3	4	68581	1
32	14	6	10490	1
32	4	1	20618	1
32	35	2	92097	0
32	16	6	15302	1
32	40	5	17650	0
32	32	5	22035	0
32	43	6	11206	0
32	36	6	22393	0
32	24	3	12168	1
32	33	1	35615	0
32	5	2	42268	1
32	41	2	21359	0
32	38	2	14914	0
32	45	5	14060	0
32	17	2	9982	1
32	8	5	18879	1
32	9	5	8110	1
32	6	4	45272	0
32	15	5	14583	1
32	22	4	18834	0
32	44	5	17634	0
32	30	5	16291	0
32	27	2	26728	0
32	21	4	9855	1
32	26	3	25829	1
32	12	1	9767	1
32	23	4	13479	1
32	29	6	16448	0
32	34	3	21937	0
32	28	3	15863	1
32	20	3	10682	1
32	10	2	8560	1
32	19	1	30050	1
32	7	4	5517	1
32	31	2	10776	0
32	13	5	7981	1
32	42	3	11662	0
32	25	2	10479	1
32	18	1	12285	1
32	39	4	49014	0
32	37	3	14141	0
32	11	1	21796	1
33	1	4	26315	1
33	2	3	12878	1
33	3	4	47271	1
33	8	5	28348	1
33	5	2	30303	1
33	19	2	74393	0
33	30	5	32240	0
33	29	5	53351	0
33	9	5	11387	1
33	37	3	13607	0
33	45	2	48173	0
33	41	3	28927	0
33	39	3	16906	0
33	38	6	39289	0
33	34	4	9955	0
33	20	3	14615	1
33	26	5	59796	0
33	10	2	24186	1
33	22	2	70655	0
33	33	2	16785	0
33	7	4	11985	1
33	4	1	11981	1
33	28	1	32392	0
33	43	5	23123	0
33	35	1	36446	0
33	13	5	14372	1
33	15	5	9589	1
33	42	3	9251	0
33	27	4	38904	1
33	44	5	23514	0
33	25	2	29459	1
33	11	1	13888	1
33	21	4	15862	1
33	12	4	50182	0
33	16	6	19600	1
33	14	6	8661	1
33	6	5	21668	1
33	31	5	75992	0
33	24	5	44333	0
33	40	5	20078	0
33	36	5	59132	0
33	32	5	31961	0
33	23	5	49915	0
33	17	2	6133	1
33	18	2	60458	0
34	1	4	55932	1
34	2	3	11951	1
34	3	4	19548	1
34	43	5	36540	0
34	9	5	10065	1
34	16	6	13524	1
34	19	1	35589	1
34	30	5	13109	0
34	26	3	42062	1
34	8	5	8552	1
34	42	3	16007	0
34	39	5	24999	0
34	36	6	13888	0
34	20	6	61057	0
34	13	6	28206	0
34	17	2	19281	1
34	18	1	16044	1
34	31	2	17282	0
34	41	2	8834	0
34	14	6	13794	1
34	44	6	22007	0
34	34	4	12629	0
34	12	1	21080	1
34	21	4	13219	1
34	45	3	16275	0
34	38	3	14565	0
34	22	5	33486	1
34	23	4	9336	1
34	10	2	6786	1
34	29	3	28470	0
34	40	5	8399	0
34	11	1	12644	1
34	35	3	34884	0
34	5	2	5000	1
34	25	2	5463	1
34	32	3	45207	0
34	24	3	14872	1
34	28	3	16684	1
34	7	4	12757	1
34	6	6	253474	0
34	4	1	16880	1
34	15	5	12368	1
34	37	3	27892	0
34	33	1	12167	0
34	27	2	16545	0
35	1	4	36515	1
35	2	3	12864	1
35	3	4	9225	1
35	24	3	22939	1
35	32	2	40234	0
35	41	2	21559	0
35	22	5	27798	1
35	36	5	18634	0
35	44	5	9830	0
35	33	3	36489	0
35	6	5	22402	1
35	21	4	14107	1
35	27	2	22734	0
35	14	6	13138	1
35	26	3	18729	1
35	19	3	29212	0
35	29	6	30309	0
35	35	5	102556	0
35	12	1	7369	1
35	28	2	53518	0
35	40	5	24622	0
35	39	4	46928	0
35	18	1	27465	1
35	37	3	20008	0
35	34	4	68953	0
35	10	2	27919	1
35	5	2	26194	1
35	8	5	70574	1
35	16	6	20047	1
35	23	4	29141	1
35	31	2	43732	0
35	30	5	29731	0
35	25	2	17890	1
35	20	3	19700	1
35	43	6	19085	0
35	17	2	11199	1
35	9	5	18462	1
35	45	3	15431	0
35	4	1	11039	1
35	42	3	17248	0
35	38	6	15397	0
35	7	4	9662	1
35	13	5	16177	1
35	15	5	6742	1
35	11	1	34774	1
38	1	4	27474	1
38	2	3	13610	1
38	3	4	81135	1
38	9	5	18288	1
38	20	3	11630	1
38	18	2	86493	0
38	21	4	39861	1
38	5	3	57628	0
38	16	6	16414	1
38	31	2	87921	0
38	12	1	22178	1
38	10	2	14559	1
38	32	6	78539	0
38	28	3	53903	1
38	14	6	21472	1
38	4	1	16528	1
38	42	3	19935	0
38	36	6	52266	0
38	34	5	40852	0
38	17	2	10134	1
38	25	2	26316	1
38	33	2	28889	0
38	22	6	21693	0
38	6	5	34004	1
38	26	3	38292	1
38	15	5	15680	1
38	40	5	41015	0
38	8	5	49312	1
38	35	5	64129	0
38	37	3	33541	0
38	11	5	30364	0
38	29	6	34533	0
38	30	5	13154	0
38	19	6	36585	0
38	39	6	19430	0
38	43	6	69226	0
38	23	4	47920	1
38	38	6	24800	0
38	45	6	51922	0
38	27	3	44176	0
38	41	2	23511	0
38	7	4	18629	1
38	13	5	14344	1
38	24	3	20513	1
38	44	6	26406	0
39	1	4	28728	1
39	2	3	10123	1
39	3	2	47287	0
39	34	3	13596	0
39	22	1	28581	0
39	18	1	48825	1
39	21	4	26905	1
39	6	4	29063	0
39	5	1	43124	0
39	27	1	20623	0
39	15	1	22959	0
39	10	2	19267	1
39	37	3	34955	0
39	36	2	39580	0
39	11	1	69830	1
39	9	5	28340	1
39	33	4	48595	0
39	17	2	14771	1
39	42	3	29465	0
39	26	6	56643	0
39	19	5	60779	0
39	13	5	19037	1
39	31	5	21894	0
39	23	3	50003	0
39	12	1	37920	1
39	28	3	55800	1
39	4	2	68444	0
39	24	3	19319	1
39	20	3	25676	1
39	8	5	21253	1
39	35	5	41942	0
39	7	4	33783	1
39	14	6	48083	1
39	40	6	60088	0
39	43	5	65524	0
39	45	3	43250	0
39	32	4	73736	0
39	41	2	35744	0
39	30	5	64240	0
39	29	5	27680	0
39	25	2	26487	1
39	38	5	28622	0
39	16	6	27917	1
39	39	3	30013	0
39	44	5	20920	0
40	1	4	119078	1
40	2	3	33553	1
40	3	4	111930	1
40	30	5	17922	0
40	6	5	60336	1
40	25	2	35762	1
40	22	4	45347	0
40	5	2	12653	1
40	13	5	27562	1
40	35	1	48627	0
40	24	3	25593	1
40	32	6	60073	0
40	17	2	13759	1
40	41	2	27567	0
40	11	1	38767	1
40	37	3	35536	0
40	8	5	22968	1
40	42	3	15294	0
40	39	4	31880	0
40	10	2	15754	1
40	19	1	47812	1
40	38	2	36127	0
40	21	4	30900	1
40	4	1	21235	1
40	31	5	42117	0
40	18	1	19530	1
40	36	1	43449	0
40	34	4	35304	0
40	12	1	17866	1
40	40	5	20777	0
40	44	5	9993	0
40	9	5	25357	1
40	43	6	18972	0
40	33	2	14549	0
40	28	3	24529	1
40	15	5	15890	1
40	16	6	25334	1
40	26	3	20438	1
40	14	6	10566	1
40	7	4	23200	1
40	29	6	47207	0
40	20	6	26586	0
40	23	4	26797	1
40	45	3	24562	0
40	27	6	25898	0
41	1	4	40095	1
41	2	3	18556	1
41	3	4	20074	1
41	36	3	98021	0
41	18	1	42711	1
41	38	4	40330	0
41	7	4	17365	1
41	41	2	35371	0
41	45	2	92160	0
41	9	5	11085	1
41	29	6	21655	0
41	37	3	33610	0
41	11	1	38272	1
41	15	5	9395	1
41	4	1	15997	1
41	14	6	16603	1
41	35	2	23437	0
41	27	2	51987	0
41	32	6	24712	0
41	43	6	19617	0
41	22	2	32742	0
41	13	5	19014	1
41	23	4	15533	1
41	42	3	15284	0
41	17	2	10470	1
41	21	4	12719	1
41	20	3	18089	1
41	25	1	19151	0
41	12	1	32233	1
41	6	6	47127	0
41	19	5	27799	0
41	10	2	10421	1
41	33	2	21814	0
41	30	5	26488	0
41	24	3	19597	1
41	40	5	35110	0
41	28	3	18250	1
41	5	2	14016	1
41	26	3	16978	1
41	44	5	30703	0
41	16	6	15002	1
41	8	5	17948	1
41	31	2	17568	0
41	39	5	30274	0
41	34	1	17115	0
42	1	4	23507	1
42	2	3	18020	1
42	3	4	14079	1
42	26	3	15112	1
42	41	2	14443	0
42	35	3	15753	0
42	38	2	12868	0
42	45	3	10910	0
42	23	4	9368	1
42	31	2	7970	0
42	39	3	7902	0
42	25	2	7813	1
42	40	2	10203	0
42	16	6	8035	1
42	34	5	8530	0
42	11	1	6934	1
42	36	6	5991	0
42	12	1	4903	1
42	13	5	3909	1
42	37	3	6092	0
42	21	4	8393	1
42	10	2	9922	1
42	4	1	9566	1
42	33	1	12678	0
42	17	2	9235	1
42	6	5	3964	1
42	24	3	10910	1
42	18	4	9524	0
42	32	6	8910	0
42	7	4	5389	1
42	8	5	6172	1
42	9	5	4431	1
42	44	5	21503	0
42	15	5	3044	1
42	14	6	7336	1
42	29	3	8198	0
42	28	5	4353	0
42	30	5	3773	0
42	43	5	6903	0
42	20	2	8687	0
42	27	5	6393	0
42	42	3	8278	0
42	5	2	5057	1
42	22	5	6283	1
42	19	2	5438	0
43	1	3	154439	0
43	2	3	88047	1
43	3	3	134082	0
43	29	3	151734	0
43	23	4	157873	1
43	4	1	62179	1
43	26	3	44631	1
43	22	5	31109	1
43	33	5	74331	0
43	20	3	77392	1
43	38	5	36352	0
43	37	3	159727	0
43	27	3	64576	0
43	35	3	29020	0
43	10	2	32359	1
43	19	2	26449	0
43	41	2	13663	0
43	36	2	5302	0
43	13	5	19582	1
43	25	2	25884	1
43	40	5	38881	0
43	39	2	22492	0
43	18	5	26984	0
43	8	5	56817	1
43	11	1	25111	1
43	43	3	13213	0
43	6	5	44055	1
43	15	5	35792	1
43	42	3	26193	0
43	28	3	27092	1
43	34	4	20634	0
43	30	5	20784	0
43	17	2	32914	1
43	45	2	15409	0
43	32	3	70645	0
43	14	6	21711	1
43	21	4	39476	1
43	16	6	43747	1
43	9	5	17588	1
43	24	3	49852	1
43	7	4	54653	1
43	12	1	20234	1
43	5	2	29356	1
43	44	3	20346	0
43	31	5	30949	0
44	1	4	72033	1
44	2	3	87318	1
44	3	3	21447	0
44	39	3	38098	0
44	7	4	39316	1
44	27	3	25980	0
44	5	3	52050	0
44	22	5	69740	1
44	31	3	27122	0
44	30	5	69808	0
44	8	5	19929	1
44	23	4	46941	1
44	33	3	51915	0
44	25	2	63085	1
44	15	5	69937	1
44	40	5	53738	0
44	4	1	71526	1
44	37	3	23039	0
44	26	3	14689	1
44	16	6	22909	1
44	19	4	30034	0
44	14	6	20041	1
44	20	3	37523	1
44	11	3	64396	0
44	38	5	17287	0
44	43	3	17035	0
44	36	6	18494	0
44	21	4	62900	1
44	45	2	17247	0
44	28	3	38711	1
44	34	6	40097	0
44	35	3	30371	0
44	13	5	27075	1
44	17	2	27123	1
44	44	3	16031	0
44	12	3	34441	0
44	10	2	89234	1
44	29	6	43512	0
44	18	3	124550	0
44	42	3	25993	0
44	24	3	45419	1
44	32	6	41852	0
44	9	5	103423	1
44	6	5	24744	1
44	41	2	23869	0
45	1	4	38477	1
45	2	3	62870	1
45	3	5	43742	0
45	23	4	40037	1
45	43	4	36954	0
45	25	2	51725	1
45	38	2	24557	0
45	19	2	30235	0
45	32	3	72022	0
45	6	1	42523	0
45	24	2	14271	0
45	13	2	26059	0
45	34	5	26792	0
45	27	1	14888	0
45	10	2	29747	1
45	21	4	28489	1
45	33	2	32066	0
45	44	2	26448	0
45	37	3	48604	0
45	26	2	33086	0
45	18	1	18660	1
45	16	6	28331	1
45	28	3	25144	1
45	9	5	33204	1
45	7	4	7950	1
45	29	6	24780	0
45	14	6	16379	1
45	17	2	24138	1
45	41	3	60785	0
45	8	5	10142	1
45	31	5	24433	0
45	22	5	41980	1
45	42	3	27447	0
45	4	1	19190	1
45	36	2	24024	0
45	35	1	23887	0
45	45	5	22893	0
45	5	2	17091	1
45	11	1	15792	1
45	30	5	10322	0
45	15	5	16502	1
45	40	5	38029	0
45	39	5	15197	0
45	20	3	23276	1
45	12	1	20193	1
46	1	4	77985	1
46	2	3	20694	1
46	3	2	33247	0
46	23	4	53091	1
46	11	1	65140	1
46	26	2	53083	0
46	15	5	29571	1
46	12	1	17746	1
46	17	2	6178	1
46	41	2	28050	0
46	40	2	36881	0
46	14	6	21457	1
46	42	3	53586	0
46	25	2	42491	1
46	32	1	32604	0
46	24	3	40520	1
46	44	5	32552	0
46	10	2	20782	1
46	21	4	51194	1
46	20	2	44958	0
46	43	4	36522	0
46	7	4	25215	1
46	27	4	25875	1
46	19	2	27529	0
46	39	2	29091	0
46	4	1	27411	1
46	36	1	31760	0
46	35	1	21301	0
46	37	1	45765	0
46	16	6	27508	1
46	9	5	31480	1
46	31	2	34497	0
46	22	2	24794	0
46	13	5	41742	1
46	33	2	50082	0
46	5	1	49182	0
46	34	1	39496	0
46	8	4	24289	0
46	45	3	110299	0
46	6	5	43767	1
46	28	5	51059	0
46	38	2	56014	0
46	30	5	56760	0
46	29	5	36719	0
46	18	1	17793	1
48	1	4	54494	1
48	2	3	36505	1
48	3	3	25063	0
48	16	6	62254	1
48	13	5	25090	1
48	41	2	39337	0
48	37	2	226090	0
48	28	3	134595	1
48	27	5	39795	0
48	29	6	68667	0
48	11	1	45740	1
48	21	5	50324	0
48	35	5	28556	0
48	24	3	35260	1
48	33	6	31215	0
48	6	5	27449	1
48	36	6	35435	0
48	5	2	39659	1
48	40	5	31051	0
48	22	5	48641	1
48	30	5	23780	0
48	34	6	54776	0
48	4	1	75223	1
48	8	5	59006	1
48	15	5	39348	1
48	23	4	55296	1
48	38	3	45606	0
48	9	5	22939	1
48	39	3	76341	0
48	12	1	41792	1
48	19	1	67261	1
48	42	3	32559	0
48	10	2	35242	1
48	45	5	127490	0
48	26	3	21619	1
48	20	3	16283	1
48	25	2	30975	1
48	44	2	20651	0
48	32	5	95553	0
48	14	6	26761	1
48	18	5	103313	0
48	31	5	25372	0
48	43	2	47570	0
48	17	2	38198	1
48	7	4	118816	1
49	1	4	17707	1
49	2	3	47375	1
49	3	4	40335	1
49	42	3	39366	0
49	30	3	17159	0
49	4	1	70607	1
49	12	1	29951	1
49	6	5	51429	1
49	13	5	21945	1
49	22	4	113779	0
49	16	6	25448	1
49	21	4	43210	1
49	18	1	24680	1
49	8	5	114810	1
49	28	3	92519	1
49	34	4	112111	0
49	44	5	50042	0
49	33	5	38084	0
49	5	2	12916	1
49	11	4	86090	0
49	9	5	41090	1
49	35	5	73284	0
49	43	5	77756	0
49	38	5	56708	0
49	19	5	37064	0
49	27	4	22734	1
49	37	3	95146	0
49	17	2	15227	1
49	24	3	56407	1
49	14	6	44720	1
49	23	4	44797	1
49	41	2	48279	0
49	40	5	58809	0
49	7	4	25378	1
49	10	2	92776	1
49	36	5	65214	0
49	32	5	26862	0
49	29	5	111658	0
49	15	5	24569	1
49	20	3	78646	1
49	39	5	20109	0
49	31	5	26815	0
49	45	5	71262	0
49	26	5	61782	0
49	25	2	21118	1
50	1	4	104988	1
50	2	3	117214	1
50	3	4	34953	1
50	26	3	58079	1
50	9	5	22448	1
50	20	1	47384	0
50	12	5	69981	0
50	31	5	71312	0
50	30	5	11833	0
50	35	5	9191	0
50	43	5	40718	0
50	18	1	37754	1
50	4	1	91878	1
50	39	5	49222	0
50	13	5	8816	1
50	14	6	16830	1
50	45	6	52962	0
50	19	1	30612	1
50	21	4	16807	1
50	44	5	13857	0
50	8	5	13958	1
50	6	5	12891	1
50	32	5	17414	0
50	22	5	8244	1
50	37	5	115266	0
50	15	5	8029	1
50	23	4	21756	1
50	24	4	47509	0
50	36	6	18742	0
50	16	6	12273	1
50	38	5	12722	0
50	17	2	12885	1
50	42	3	34899	0
50	7	4	9095	1
50	28	5	28908	0
50	41	5	37167	0
50	11	1	30551	1
50	5	2	28352	1
50	40	5	37675	0
50	29	2	44174	0
50	10	2	10112	1
50	34	5	7191	0
50	27	5	14948	0
50	25	2	14861	1
50	33	2	76094	0
